# R Generated Color Map File
INTERPOLATION:EXACT
1005,152,245,255,255, 1005
1010,152,245,255,255, 1010
1016,152,245,255,255, 1016
1018,255,130,71,255, 1018
1024,255,130,71,255, 1024
1025,255,130,71,255, 1025
1026,255,130,71,255, 1026
1029,127,255,0,255, 1029
1030,127,255,0,255, 1030
1033,255,48,48,255, 1033
1039,221,160,221,255, 1039
1042,221,160,221,255, 1042
1096,255,130,71,255, 1096
1097,127,255,0,255, 1097
1098,255,130,71,255, 1098
1100,255,130,71,255, 1100
1101,127,255,0,255, 1101
1102,221,160,221,255, 1102
1103,221,160,221,255, 1103
1107,255,130,71,255, 1107
1113,255,48,48,255, 1113
1135,255,130,71,255, 1135
1136,255,130,71,255, 1136
1137,127,255,0,255, 1137
1142,255,130,71,255, 1142
1148,221,160,221,255, 1148
1159,255,130,71,255, 1159
1160,221,160,221,255, 1160
1161,255,48,48,255, 1161
1162,255,130,71,255, 1162
1163,127,255,0,255, 1163
1164,255,130,71,255, 1164
1165,255,130,71,255, 1165
1166,127,255,0,255, 1166
1167,255,130,71,255, 1167
1168,221,160,221,255, 1168
1169,255,48,48,255, 1169
1170,255,130,71,255, 1170
1171,255,130,71,255, 1171
1172,255,48,48,255, 1172
1173,221,160,221,255, 1173
1174,255,130,71,255, 1174
1175,255,130,71,255, 1175
1176,127,255,0,255, 1176
1177,255,48,48,255, 1177
1178,221,160,221,255, 1178
1179,255,130,71,255, 1179
1180,127,255,0,255, 1180
1181,255,130,71,255, 1181
1182,255,130,71,255, 1182
1183,255,130,71,255, 1183
1184,221,160,221,255, 1184
1185,255,48,48,255, 1185
1186,255,130,71,255, 1186
1187,221,160,221,255, 1187
1188,255,48,48,255, 1188
1189,255,130,71,255, 1189
1190,221,160,221,255, 1190
1191,255,48,48,255, 1191
1192,255,130,71,255, 1192
1193,255,130,71,255, 1193
1194,127,255,0,255, 1194
1195,127,255,0,255, 1195
1196,255,130,71,255, 1196
1197,255,130,71,255, 1197
1198,221,160,221,255, 1198
1199,127,255,0,255, 1199
1200,255,48,48,255, 1200
1201,255,130,71,255, 1201
1202,127,255,0,255, 1202
1203,255,130,71,255, 1203
1204,255,130,71,255, 1204
1205,255,130,71,255, 1205
1206,255,130,71,255, 1206
1218,255,165,79,255, 1218
1221,255,165,79,255, 1221
1223,255,165,79,255, 1223
1224,255,165,79,255, 1224
1226,255,165,79,255, 1226
1230,255,165,79,255, 1230
1231,255,165,79,255, 1231
1232,221,160,221,255, 1232
1234,255,48,48,255, 1234
1236,255,165,79,255, 1236
1237,255,165,79,255, 1237
1239,255,165,79,255, 1239
1240,255,48,48,255, 1240
1241,255,165,79,255, 1241
1243,255,165,79,255, 1243
1249,127,255,0,255, 1249
1250,127,255,0,255, 1250
1259,127,255,0,255, 1259
1261,255,130,71,255, 1261
1262,84,255,159,255, 1262
1263,255,48,48,255, 1263
1264,255,48,48,255, 1264
1265,255,130,71,255, 1265
1266,255,48,48,255, 1266
1267,221,160,221,255, 1267
1268,84,255,159,255, 1268
1269,221,160,221,255, 1269
1270,255,130,71,255, 1270
1271,255,130,71,255, 1271
1272,221,160,221,255, 1272
1273,255,130,71,255, 1273
1274,84,255,159,255, 1274
1275,255,130,71,255, 1275
1276,255,48,48,255, 1276
1277,255,48,48,255, 1277
1278,221,160,221,255, 1278
1279,255,130,71,255, 1279
1281,255,130,71,255, 1281
1282,221,160,221,255, 1282
1283,255,130,71,255, 1283
1284,255,130,71,255, 1284
1285,255,130,71,255, 1285
1286,255,130,71,255, 1286
1287,221,160,221,255, 1287
1288,84,255,159,255, 1288
1289,255,130,71,255, 1289
1290,84,255,159,255, 1290
1291,255,130,71,255, 1291
1293,255,130,71,255, 1293
1294,84,255,159,255, 1294
1295,255,130,71,255, 1295
1296,255,48,48,255, 1296
1297,221,160,221,255, 1297
1298,255,130,71,255, 1298
1299,255,130,71,255, 1299
1300,255,130,71,255, 1300
1301,84,255,159,255, 1301
1302,221,160,221,255, 1302
1303,84,255,159,255, 1303
1304,255,130,71,255, 1304
1305,255,130,71,255, 1305
1307,255,130,71,255, 1307
1308,255,48,48,255, 1308
1310,255,165,79,255, 1310
1311,255,130,71,255, 1311
1312,255,165,79,255, 1312
1313,255,165,79,255, 1313
1314,255,165,79,255, 1314
1316,255,130,71,255, 1316
1320,255,165,79,255, 1320
1322,255,165,79,255, 1322
1327,84,255,159,255, 1327
1328,84,255,159,255, 1328
1329,255,165,79,255, 1329
1330,255,48,48,255, 1330
1331,255,165,79,255, 1331
1332,255,130,71,255, 1332
1333,221,160,221,255, 1333
1334,255,130,71,255, 1334
1335,255,130,71,255, 1335
1336,221,160,221,255, 1336
1337,255,48,48,255, 1337
1338,221,160,221,255, 1338
1339,255,130,71,255, 1339
1340,255,165,79,255, 1340
1341,255,130,71,255, 1341
1342,255,130,71,255, 1342
1343,255,48,48,255, 1343
1344,255,130,71,255, 1344
1345,255,48,48,255, 1345
1346,221,160,221,255, 1346
1347,255,165,79,255, 1347
1348,255,48,48,255, 1348
1349,221,160,221,255, 1349
1350,221,160,221,255, 1350
1351,255,48,48,255, 1351
1352,255,165,79,255, 1352
1353,84,255,159,255, 1353
1354,255,48,48,255, 1354
1355,221,160,221,255, 1355
1356,255,130,71,255, 1356
1357,255,48,48,255, 1357
1358,221,160,221,255, 1358
1359,255,130,71,255, 1359
1360,255,130,71,255, 1360
1361,46,139,87,255, 1361
1362,255,165,79,255, 1362
1363,46,139,87,255, 1363
1364,255,130,71,255, 1364
1365,46,139,87,255, 1365
1366,255,165,79,255, 1366
1367,221,160,221,255, 1367
1368,255,48,48,255, 1368
1369,255,165,79,255, 1369
1370,255,165,79,255, 1370
1371,255,165,79,255, 1371
1372,221,160,221,255, 1372
1373,255,165,79,255, 1373
1374,255,165,79,255, 1374
1375,255,165,79,255, 1375
1376,255,165,79,255, 1376
1377,255,48,48,255, 1377
1378,255,48,48,255, 1378
1379,46,139,87,255, 1379
1380,221,160,221,255, 1380
1381,255,48,48,255, 1381
1382,255,130,71,255, 1382
1383,255,165,79,255, 1383
1384,255,48,48,255, 1384
1385,221,160,221,255, 1385
1386,255,165,79,255, 1386
1387,221,160,221,255, 1387
1388,255,48,48,255, 1388
1389,46,139,87,255, 1389
1390,221,160,221,255, 1390
1391,221,160,221,255, 1391
1392,46,139,87,255, 1392
1393,255,130,71,255, 1393
1394,46,139,87,255, 1394
1395,255,130,71,255, 1395
1396,255,130,71,255, 1396
1397,255,165,79,255, 1397
1398,46,139,87,255, 1398
1400,84,255,159,255, 1400
1401,255,130,71,255, 1401
1402,255,130,71,255, 1402
1403,255,130,71,255, 1403
1404,255,130,71,255, 1404
1405,255,48,48,255, 1405
1406,46,139,87,255, 1406
1407,255,48,48,255, 1407
1408,255,130,71,255, 1408
1409,46,139,87,255, 1409
1410,255,130,71,255, 1410
1411,221,160,221,255, 1411
1412,255,165,79,255, 1412
1413,255,48,48,255, 1413
1414,255,130,71,255, 1414
1415,255,130,71,255, 1415
1416,255,130,71,255, 1416
1417,46,139,87,255, 1417
1418,46,139,87,255, 1418
2001,152,245,255,255, 2001
2005,152,245,255,255, 2005
2006,173,216,230,255, 2006
2010,152,245,255,255, 2010
2011,173,216,230,255, 2011
2016,152,245,255,255, 2016
2018,255,130,71,255, 2018
2019,255,130,71,255, 2019
2020,255,130,71,255, 2020
2021,255,130,71,255, 2021
2022,255,130,71,255, 2022
2024,255,130,71,255, 2024
2025,255,130,71,255, 2025
2027,127,255,0,255, 2027
2028,127,255,0,255, 2028
2029,127,255,0,255, 2029
2030,127,255,0,255, 2030
2039,221,160,221,255, 2039
3005,152,245,255,255, 3005
3006,173,216,230,255, 3006
3018,255,130,71,255, 3018
3024,255,130,71,255, 3024
3025,255,130,71,255, 3025
3026,255,130,71,255, 3026
3029,127,255,0,255, 3029
3030,127,255,0,255, 3030
3033,255,48,48,255, 3033
3039,221,160,221,255, 3039
3042,221,160,221,255, 3042
3096,255,130,71,255, 3096
3097,127,255,0,255, 3097
3098,255,130,71,255, 3098
3099,255,130,71,255, 3099
3100,255,130,71,255, 3100
3101,127,255,0,255, 3101
3102,221,160,221,255, 3102
3103,221,160,221,255, 3103
3104,255,130,71,255, 3104
3105,127,255,0,255, 3105
3106,255,130,71,255, 3106
3107,255,130,71,255, 3107
3108,255,48,48,255, 3108
3109,255,130,71,255, 3109
3110,221,160,221,255, 3110
3111,127,255,0,255, 3111
3112,255,130,71,255, 3112
3113,255,48,48,255, 3113
3114,255,130,71,255, 3114
3115,255,130,71,255, 3115
3116,221,160,221,255, 3116
3118,173,216,230,255, 3118
3120,255,48,48,255, 3120
3128,255,130,71,255, 3128
3129,255,48,48,255, 3129
3135,255,130,71,255, 3135
3136,255,130,71,255, 3136
3137,127,255,0,255, 3137
3138,127,255,0,255, 3138
3139,127,255,0,255, 3139
3140,127,255,0,255, 3140
3141,255,130,71,255, 3141
3142,255,130,71,255, 3142
3143,255,130,71,255, 3143
3144,255,130,71,255, 3144
3145,221,160,221,255, 3145
3146,221,160,221,255, 3146
3147,255,130,71,255, 3147
3148,221,160,221,255, 3148
3149,255,130,71,255, 3149
3150,221,160,221,255, 3150
3151,255,130,71,255, 3151
3152,255,130,71,255, 3152
3153,255,130,71,255, 3153
3154,255,48,48,255, 3154
3156,255,130,71,255, 3156
3157,255,48,48,255, 3157
3158,255,48,48,255, 3158
3159,255,130,71,255, 3159
3160,221,160,221,255, 3160
3161,255,48,48,255, 3161
3162,255,130,71,255, 3162
3163,127,255,0,255, 3163
3164,255,130,71,255, 3164
3165,255,130,71,255, 3165
3166,127,255,0,255, 3166
3167,255,130,71,255, 3167
3168,221,160,221,255, 3168
3169,255,48,48,255, 3169
3170,255,130,71,255, 3170
3171,255,130,71,255, 3171
3172,255,48,48,255, 3172
3173,221,160,221,255, 3173
3174,255,130,71,255, 3174
3175,255,130,71,255, 3175
3176,127,255,0,255, 3176
3177,255,48,48,255, 3177
3178,221,160,221,255, 3178
3179,255,130,71,255, 3179
3180,127,255,0,255, 3180
3181,255,130,71,255, 3181
3182,255,130,71,255, 3182
3183,255,130,71,255, 3183
3184,221,160,221,255, 3184
3185,255,48,48,255, 3185
3186,255,130,71,255, 3186
3187,221,160,221,255, 3187
3188,255,48,48,255, 3188
3189,255,130,71,255, 3189
3190,221,160,221,255, 3190
3191,255,48,48,255, 3191
3192,255,130,71,255, 3192
3193,255,130,71,255, 3193
3194,127,255,0,255, 3194
3195,127,255,0,255, 3195
3196,255,130,71,255, 3196
3197,255,130,71,255, 3197
3198,221,160,221,255, 3198
3199,127,255,0,255, 3199
3200,255,48,48,255, 3200
3201,255,130,71,255, 3201
3202,127,255,0,255, 3202
3203,255,130,71,255, 3203
3204,255,130,71,255, 3204
3205,255,130,71,255, 3205
3206,255,130,71,255, 3206
3261,255,130,71,255, 3261
3262,84,255,159,255, 3262
3263,255,48,48,255, 3263
3264,255,48,48,255, 3264
3265,255,130,71,255, 3265
3266,255,48,48,255, 3266
3267,221,160,221,255, 3267
3268,84,255,159,255, 3268
3269,221,160,221,255, 3269
3270,255,130,71,255, 3270
3271,255,130,71,255, 3271
3272,221,160,221,255, 3272
3273,255,130,71,255, 3273
3274,84,255,159,255, 3274
3275,255,130,71,255, 3275
3276,255,48,48,255, 3276
3277,255,48,48,255, 3277
3278,221,160,221,255, 3278
3279,255,130,71,255, 3279
3281,255,130,71,255, 3281
3282,221,160,221,255, 3282
3283,255,130,71,255, 3283
3284,255,130,71,255, 3284
3285,255,130,71,255, 3285
3286,255,130,71,255, 3286
3287,221,160,221,255, 3287
3288,84,255,159,255, 3288
3289,255,130,71,255, 3289
3290,84,255,159,255, 3290
3291,255,130,71,255, 3291
3293,255,130,71,255, 3293
3294,84,255,159,255, 3294
3295,255,130,71,255, 3295
3296,255,48,48,255, 3296
3297,221,160,221,255, 3297
3298,255,130,71,255, 3298
3299,255,130,71,255, 3299
3300,255,130,71,255, 3300
3301,84,255,159,255, 3301
3302,221,160,221,255, 3302
3303,84,255,159,255, 3303
3304,255,130,71,255, 3304
3305,255,130,71,255, 3305
3307,255,130,71,255, 3307
3308,255,48,48,255, 3308
3311,255,130,71,255, 3311
3316,255,130,71,255, 3316
3332,255,130,71,255, 3332
3333,221,160,221,255, 3333
3334,255,130,71,255, 3334
3335,255,130,71,255, 3335
3336,221,160,221,255, 3336
3337,255,48,48,255, 3337
3338,221,160,221,255, 3338
3339,255,130,71,255, 3339
3341,255,130,71,255, 3341
3342,255,130,71,255, 3342
3343,255,48,48,255, 3343
3344,255,130,71,255, 3344
3345,255,48,48,255, 3345
3348,255,48,48,255, 3348
3356,255,130,71,255, 3356
3358,221,160,221,255, 3358
3359,255,130,71,255, 3359
3360,255,130,71,255, 3360
3361,46,139,87,255, 3361
3363,46,139,87,255, 3363
3364,255,130,71,255, 3364
3365,46,139,87,255, 3365
3368,255,48,48,255, 3368
3382,255,130,71,255, 3382
3387,221,160,221,255, 3387
3388,255,48,48,255, 3388
3389,46,139,87,255, 3389
3390,221,160,221,255, 3390
3391,221,160,221,255, 3391
3392,46,139,87,255, 3392
3393,255,130,71,255, 3393
3394,46,139,87,255, 3394
3395,255,130,71,255, 3395
3396,255,130,71,255, 3396
3398,46,139,87,255, 3398
3401,255,130,71,255, 3401
3402,255,130,71,255, 3402
3403,255,130,71,255, 3403
3404,255,130,71,255, 3404
3405,255,48,48,255, 3405
3407,255,48,48,255, 3407
3408,255,130,71,255, 3408
3409,46,139,87,255, 3409
3410,255,130,71,255, 3410
3411,221,160,221,255, 3411
3413,255,48,48,255, 3413
3414,255,130,71,255, 3414
3415,255,130,71,255, 3415
3416,255,130,71,255, 3416
4003,173,216,230,255, 4003
4004,152,245,255,255, 4004
4005,152,245,255,255, 4005
4006,173,216,230,255, 4006
4017,255,130,71,255, 4017
4018,255,130,71,255, 4018
4025,255,130,71,255, 4025
4029,127,255,0,255, 4029
4033,255,48,48,255, 4033
4039,221,160,221,255, 4039
4041,255,130,71,255, 4041
4051,152,245,255,255, 4051
4054,255,130,71,255, 4054
4055,127,255,0,255, 4055
4056,255,130,71,255, 4056
4065,127,255,0,255, 4065
4067,221,160,221,255, 4067
4079,221,160,221,255, 4079
4088,152,245,255,255, 4088
4089,255,130,71,255, 4089
4090,127,255,0,255, 4090
4092,255,130,71,255, 4092
4093,221,160,221,255, 4093
4096,255,130,71,255, 4096
4097,127,255,0,255, 4097
4098,255,130,71,255, 4098
4103,221,160,221,255, 4103
4107,255,130,71,255, 4107
4113,255,48,48,255, 4113
4118,173,216,230,255, 4118
4124,173,216,230,255, 4124
4130,173,216,230,255, 4130
4135,255,130,71,255, 4135
4136,255,130,71,255, 4136
4137,127,255,0,255, 4137
4142,255,130,71,255, 4142
4148,221,160,221,255, 4148
4158,255,48,48,255, 4158
4159,255,130,71,255, 4159
4160,221,160,221,255, 4160
4161,255,48,48,255, 4161
4162,255,130,71,255, 4162
4163,127,255,0,255, 4163
4164,255,130,71,255, 4164
4165,255,130,71,255, 4165
4166,127,255,0,255, 4166
4167,255,130,71,255, 4167
4168,221,160,221,255, 4168
4169,255,48,48,255, 4169
4170,255,130,71,255, 4170
4171,255,130,71,255, 4171
4172,255,48,48,255, 4172
4173,221,160,221,255, 4173
4174,255,130,71,255, 4174
4175,255,130,71,255, 4175
4176,127,255,0,255, 4176
4177,255,48,48,255, 4177
4178,221,160,221,255, 4178
4179,255,130,71,255, 4179
4180,127,255,0,255, 4180
4181,255,130,71,255, 4181
4182,255,130,71,255, 4182
4183,255,130,71,255, 4183
4184,221,160,221,255, 4184
4185,255,48,48,255, 4185
4186,255,130,71,255, 4186
4187,221,160,221,255, 4187
4188,255,48,48,255, 4188
4189,255,130,71,255, 4189
4190,221,160,221,255, 4190
4191,255,48,48,255, 4191
4192,255,130,71,255, 4192
4193,255,130,71,255, 4193
4194,127,255,0,255, 4194
4195,127,255,0,255, 4195
4196,255,130,71,255, 4196
4199,127,255,0,255, 4199
4205,255,130,71,255, 4205
4217,173,216,230,255, 4217
4261,255,130,71,255, 4261
4262,84,255,159,255, 4262
4263,255,48,48,255, 4263
4264,255,48,48,255, 4264
4265,255,130,71,255, 4265
4266,255,48,48,255, 4266
4267,221,160,221,255, 4267
4268,84,255,159,255, 4268
4269,221,160,221,255, 4269
4270,255,130,71,255, 4270
4271,255,130,71,255, 4271
4272,221,160,221,255, 4272
4273,255,130,71,255, 4273
4274,84,255,159,255, 4274
4275,255,130,71,255, 4275
4276,255,48,48,255, 4276
4277,255,48,48,255, 4277
4278,221,160,221,255, 4278
4279,255,130,71,255, 4279
4281,255,130,71,255, 4281
4282,221,160,221,255, 4282
4283,255,130,71,255, 4283
4284,255,130,71,255, 4284
4285,255,130,71,255, 4285
4286,255,130,71,255, 4286
4287,221,160,221,255, 4287
4288,84,255,159,255, 4288
4289,255,130,71,255, 4289
4290,84,255,159,255, 4290
4291,255,130,71,255, 4291
4293,255,130,71,255, 4293
4294,84,255,159,255, 4294
4295,255,130,71,255, 4295
4296,255,48,48,255, 4296
4297,221,160,221,255, 4297
4298,255,130,71,255, 4298
4299,255,130,71,255, 4299
4300,255,130,71,255, 4300
4301,84,255,159,255, 4301
4302,221,160,221,255, 4302
4303,84,255,159,255, 4303
4304,255,130,71,255, 4304
4305,255,130,71,255, 4305
4307,255,130,71,255, 4307
4308,255,48,48,255, 4308
4311,255,130,71,255, 4311
4316,255,130,71,255, 4316
4332,255,130,71,255, 4332
4333,221,160,221,255, 4333
4334,255,130,71,255, 4334
4335,255,130,71,255, 4335
4336,221,160,221,255, 4336
4337,255,48,48,255, 4337
4338,221,160,221,255, 4338
4339,255,130,71,255, 4339
4341,255,130,71,255, 4341
4342,255,130,71,255, 4342
4343,255,48,48,255, 4343
4344,255,130,71,255, 4344
4345,255,48,48,255, 4345
4348,255,48,48,255, 4348
4356,255,130,71,255, 4356
4358,221,160,221,255, 4358
4359,255,130,71,255, 4359
4360,255,130,71,255, 4360
4361,46,139,87,255, 4361
4362,255,165,79,255, 4362
4363,46,139,87,255, 4363
4364,255,130,71,255, 4364
4365,46,139,87,255, 4365
4367,221,160,221,255, 4367
4368,255,48,48,255, 4368
4369,255,165,79,255, 4369
4370,255,165,79,255, 4370
4373,255,165,79,255, 4373
4374,255,165,79,255, 4374
4375,255,165,79,255, 4375
4378,255,48,48,255, 4378
4379,46,139,87,255, 4379
4380,221,160,221,255, 4380
4382,255,130,71,255, 4382
4383,255,165,79,255, 4383
4386,255,165,79,255, 4386
4387,221,160,221,255, 4387
4388,255,48,48,255, 4388
4389,46,139,87,255, 4389
4390,221,160,221,255, 4390
4391,221,160,221,255, 4391
4392,46,139,87,255, 4392
4393,255,130,71,255, 4393
4394,46,139,87,255, 4394
4395,255,130,71,255, 4395
4396,255,130,71,255, 4396
4397,255,165,79,255, 4397
4398,46,139,87,255, 4398
4399,173,216,230,255, 4399
4401,255,130,71,255, 4401
4402,255,130,71,255, 4402
4403,255,130,71,255, 4403
4404,255,130,71,255, 4404
4405,255,48,48,255, 4405
4407,255,48,48,255, 4407
4408,255,130,71,255, 4408
4409,46,139,87,255, 4409
4410,255,130,71,255, 4410
4411,221,160,221,255, 4411
4413,255,48,48,255, 4413
4414,255,130,71,255, 4414
4415,255,130,71,255, 4415
4416,255,130,71,255, 4416
5001,152,245,255,255, 5001
5002,173,216,230,255, 5002
5003,173,216,230,255, 5003
5004,152,245,255,255, 5004
5005,152,245,255,255, 5005
5006,173,216,230,255, 5006
5007,152,245,255,255, 5007
5008,173,216,230,255, 5008
5009,173,216,230,255, 5009
5010,152,245,255,255, 5010
5011,173,216,230,255, 5011
5012,152,245,255,255, 5012
5013,173,216,230,255, 5013
5014,152,245,255,255, 5014
5015,173,216,230,255, 5015
5016,152,245,255,255, 5016
5017,255,130,71,255, 5017
5018,255,130,71,255, 5018
5019,255,130,71,255, 5019
5020,255,130,71,255, 5020
5021,255,130,71,255, 5021
5022,255,130,71,255, 5022
5023,255,130,71,255, 5023
5024,255,130,71,255, 5024
5025,255,130,71,255, 5025
5026,255,130,71,255, 5026
5027,127,255,0,255, 5027
5028,127,255,0,255, 5028
5029,127,255,0,255, 5029
5030,127,255,0,255, 5030
5031,255,130,71,255, 5031
5032,255,130,71,255, 5032
5033,255,48,48,255, 5033
5034,255,130,71,255, 5034
5035,255,130,71,255, 5035
5036,127,255,0,255, 5036
5037,221,160,221,255, 5037
5038,255,130,71,255, 5038
5039,221,160,221,255, 5039
5040,221,160,221,255, 5040
5041,255,130,71,255, 5041
5042,221,160,221,255, 5042
5043,127,255,0,255, 5043
5044,127,255,0,255, 5044
5045,152,245,255,255, 5045
5046,255,130,71,255, 5046
5047,152,245,255,255, 5047
5048,255,130,71,255, 5048
5049,255,130,71,255, 5049
5050,127,255,0,255, 5050
5051,152,245,255,255, 5051
5052,255,130,71,255, 5052
5053,127,255,0,255, 5053
5054,255,130,71,255, 5054
5055,127,255,0,255, 5055
5056,255,130,71,255, 5056
5057,152,245,255,255, 5057
5058,255,130,71,255, 5058
5059,255,130,71,255, 5059
5060,221,160,221,255, 5060
5062,221,160,221,255, 5062
5063,127,255,0,255, 5063
5064,255,48,48,255, 5064
5065,127,255,0,255, 5065
5066,152,245,255,255, 5066
5067,221,160,221,255, 5067
5068,127,255,0,255, 5068
5069,255,130,71,255, 5069
5070,152,245,255,255, 5070
5071,255,130,71,255, 5071
5072,127,255,0,255, 5072
5073,221,160,221,255, 5073
5074,255,130,71,255, 5074
5075,255,130,71,255, 5075
5077,221,160,221,255, 5077
5078,152,245,255,255, 5078
5079,221,160,221,255, 5079
5081,255,130,71,255, 5081
5082,127,255,0,255, 5082
5083,255,130,71,255, 5083
5084,255,48,48,255, 5084
5085,221,160,221,255, 5085
5086,255,48,48,255, 5086
5087,255,48,48,255, 5087
5088,152,245,255,255, 5088
5089,255,130,71,255, 5089
5090,127,255,0,255, 5090
5091,221,160,221,255, 5091
5092,255,130,71,255, 5092
5093,221,160,221,255, 5093
5094,255,48,48,255, 5094
5095,255,48,48,255, 5095
5096,255,130,71,255, 5096
5097,127,255,0,255, 5097
5098,255,130,71,255, 5098
5099,255,130,71,255, 5099
5100,0,245,255,255, 5100
5101,127,255,0,255, 5101
5102,221,160,221,255, 5102
5103,221,160,221,255, 5103
5104,255,130,71,255, 5104
5105,127,255,0,255, 5105
5106,255,130,71,255, 5106
5107,255,130,71,255, 5107
5108,255,48,48,255, 5108
5109,255,130,71,255, 5109
5110,221,160,221,255, 5110
5111,127,255,0,255, 5111
5112,255,130,71,255, 5112
5113,255,48,48,255, 5113
5114,255,130,71,255, 5114
5115,0,245,255,255, 5115
5116,221,160,221,255, 5116
5117,255,48,48,255, 5117
5118,173,216,230,255, 5118
5120,255,48,48,255, 5120
5121,255,48,48,255, 5121
5122,255,48,48,255, 5122
5123,255,48,48,255, 5123
5124,173,216,230,255, 5124
5125,173,216,230,255, 5125
5126,173,216,230,255, 5126
5127,255,48,48,255, 5127
5128,255,130,71,255, 5128
5129,255,48,48,255, 5129
5130,173,216,230,255, 5130
5131,173,216,230,255, 5131
5132,173,216,230,255, 5132
5133,173,216,230,255, 5133
5134,173,216,230,255, 5134
5135,255,130,71,255, 5135
5136,255,130,71,255, 5136
5137,127,255,0,255, 5137
5138,127,255,0,255, 5138
5139,127,255,0,255, 5139
5140,127,255,0,255, 5140
5141,255,130,71,255, 5141
5142,255,130,71,255, 5142
5143,255,130,71,255, 5143
5144,255,130,71,255, 5144
5145,221,160,221,255, 5145
5146,221,160,221,255, 5146
5147,255,130,71,255, 5147
5148,221,160,221,255, 5148
5149,255,130,71,255, 5149
5150,221,160,221,255, 5150
5151,255,130,71,255, 5151
5152,255,130,71,255, 5152
5153,255,130,71,255, 5153
5154,255,48,48,255, 5154
5155,255,48,48,255, 5155
5156,255,130,71,255, 5156
5157,255,48,48,255, 5157
5158,255,48,48,255, 5158
5159,255,130,71,255, 5159
5160,221,160,221,255, 5160
5161,255,48,48,255, 5161
5162,255,130,71,255, 5162
5163,127,255,0,255, 5163
5164,255,130,71,255, 5164
5165,255,130,71,255, 5165
5166,127,255,0,255, 5166
5167,0,245,255,255, 5167
5168,221,160,221,255, 5168
5169,255,48,48,255, 5169
5170,255,130,71,255, 5170
5171,255,130,71,255, 5171
5172,255,48,48,255, 5172
5173,221,160,221,255, 5173
5174,255,130,71,255, 5174
5175,255,130,71,255, 5175
5176,127,255,0,255, 5176
5177,255,48,48,255, 5177
5178,221,160,221,255, 5178
5179,255,130,71,255, 5179
5180,127,255,0,255, 5180
5181,0,245,255,255, 5181
5182,255,130,71,255, 5182
5183,255,130,71,255, 5183
5184,221,160,221,255, 5184
5185,255,48,48,255, 5185
5186,255,130,71,255, 5186
5187,221,160,221,255, 5187
5188,255,48,48,255, 5188
5189,255,130,71,255, 5189
5190,221,160,221,255, 5190
5191,255,48,48,255, 5191
5192,255,130,71,255, 5192
5193,255,130,71,255, 5193
5194,127,255,0,255, 5194
5195,127,255,0,255, 5195
5196,255,130,71,255, 5196
5197,255,130,71,255, 5197
5198,221,160,221,255, 5198
5199,127,255,0,255, 5199
5200,255,48,48,255, 5200
5201,255,130,71,255, 5201
5202,127,255,0,255, 5202
5203,255,130,71,255, 5203
5204,255,130,71,255, 5204
5205,255,130,71,255, 5205
5206,255,130,71,255, 5206
5218,255,165,79,255, 5218
5221,255,165,79,255, 5221
5223,255,165,79,255, 5223
5226,255,165,79,255, 5226
5227,221,160,221,255, 5227
5230,255,165,79,255, 5230
5233,221,160,221,255, 5233
5234,255,48,48,255, 5234
5236,255,165,79,255, 5236
5239,255,165,79,255, 5239
5240,255,48,48,255, 5240
5243,255,165,79,255, 5243
5249,127,255,0,255, 5249
5259,127,255,0,255, 5259
5261,255,130,71,255, 5261
5262,84,255,159,255, 5262
5263,255,48,48,255, 5263
5264,255,48,48,255, 5264
5265,255,130,71,255, 5265
5266,255,48,48,255, 5266
5267,221,160,221,255, 5267
5268,84,255,159,255, 5268
5269,221,160,221,255, 5269
5271,255,130,71,255, 5271
5272,221,160,221,255, 5272
5273,255,130,71,255, 5273
5274,84,255,159,255, 5274
5275,255,130,71,255, 5275
5276,255,48,48,255, 5276
5277,255,48,48,255, 5277
5278,221,160,221,255, 5278
5279,255,130,71,255, 5279
5281,255,130,71,255, 5281
5282,221,160,221,255, 5282
5283,255,130,71,255, 5283
5284,255,130,71,255, 5284
5285,255,130,71,255, 5285
5286,255,130,71,255, 5286
5287,221,160,221,255, 5287
5288,84,255,159,255, 5288
5289,255,130,71,255, 5289
5290,84,255,159,255, 5290
5291,255,130,71,255, 5291
5293,255,130,71,255, 5293
5294,84,255,159,255, 5294
5295,255,130,71,255, 5295
5296,255,48,48,255, 5296
5297,221,160,221,255, 5297
5298,255,130,71,255, 5298
5299,255,130,71,255, 5299
5300,255,130,71,255, 5300
5301,84,255,159,255, 5301
5302,221,160,221,255, 5302
5303,84,255,159,255, 5303
5304,255,130,71,255, 5304
5305,255,130,71,255, 5305
5307,255,130,71,255, 5307
5308,255,48,48,255, 5308
5310,255,165,79,255, 5310
5311,255,130,71,255, 5311
5312,255,165,79,255, 5312
5313,255,165,79,255, 5313
5314,255,165,79,255, 5314
5316,255,130,71,255, 5316
5320,255,165,79,255, 5320
5322,255,165,79,255, 5322
5327,84,255,159,255, 5327
5328,84,255,159,255, 5328
5329,255,165,79,255, 5329
5330,255,48,48,255, 5330
5331,255,165,79,255, 5331
5332,255,130,71,255, 5332
5333,221,160,221,255, 5333
5334,255,130,71,255, 5334
5335,255,130,71,255, 5335
5336,221,160,221,255, 5336
5338,221,160,221,255, 5338
5339,255,130,71,255, 5339
5340,255,165,79,255, 5340
5341,255,130,71,255, 5341
5342,255,130,71,255, 5342
5343,255,48,48,255, 5343
5344,255,130,71,255, 5344
5345,255,48,48,255, 5345
5346,221,160,221,255, 5346
5347,255,165,79,255, 5347
5348,255,48,48,255, 5348
5349,221,160,221,255, 5349
5350,221,160,221,255, 5350
5351,255,48,48,255, 5351
5352,255,165,79,255, 5352
5353,84,255,159,255, 5353
5354,255,48,48,255, 5354
5360,255,130,71,255, 5360
5361,46,139,87,255, 5361
5363,46,139,87,255, 5363
5364,255,130,71,255, 5364
5365,46,139,87,255, 5365
5372,221,160,221,255, 5372
5376,255,165,79,255, 5376
5392,46,139,87,255, 5392
5394,46,139,87,255, 5394
5404,255,130,71,255, 5404
6001,152,245,255,255, 6001
6002,173,216,230,255, 6002
6003,173,216,230,255, 6003
6004,152,245,255,255, 6004
6005,152,245,255,255, 6005
6006,173,216,230,255, 6006
6007,152,245,255,255, 6007
6010,152,245,255,255, 6010
6011,173,216,230,255, 6011
6012,152,245,255,255, 6012
6014,152,245,255,255, 6014
6015,173,216,230,255, 6015
6016,152,245,255,255, 6016
6017,255,130,71,255, 6017
6018,255,130,71,255, 6018
6019,255,130,71,255, 6019
6020,255,130,71,255, 6020
6021,255,130,71,255, 6021
6022,255,130,71,255, 6022
6023,255,130,71,255, 6023
6024,255,130,71,255, 6024
6025,255,130,71,255, 6025
6026,255,130,71,255, 6026
6027,127,255,0,255, 6027
6028,127,255,0,255, 6028
6029,127,255,0,255, 6029
6030,127,255,0,255, 6030
6031,255,130,71,255, 6031
6032,255,130,71,255, 6032
6033,255,48,48,255, 6033
6034,255,130,71,255, 6034
6035,255,130,71,255, 6035
6036,127,255,0,255, 6036
6037,221,160,221,255, 6037
6038,255,130,71,255, 6038
6039,221,160,221,255, 6039
6040,221,160,221,255, 6040
6041,255,130,71,255, 6041
6042,221,160,221,255, 6042
6043,127,255,0,255, 6043
6044,127,255,0,255, 6044
6061,221,160,221,255, 6061
6065,127,255,0,255, 6065
6076,221,160,221,255, 6076
6079,221,160,221,255, 6079
6080,221,160,221,255, 6080
6095,255,48,48,255, 6095
6096,255,130,71,255, 6096
6097,127,255,0,255, 6097
6098,255,130,71,255, 6098
6099,255,130,71,255, 6099
6100,255,130,71,255, 6100
6101,127,255,0,255, 6101
6102,221,160,221,255, 6102
6103,221,160,221,255, 6103
6104,255,130,71,255, 6104
6105,127,255,0,255, 6105
6106,255,130,71,255, 6106
6107,255,130,71,255, 6107
6108,255,48,48,255, 6108
6109,255,130,71,255, 6109
6110,221,160,221,255, 6110
6111,127,255,0,255, 6111
6112,255,130,71,255, 6112
6113,255,48,48,255, 6113
6114,255,130,71,255, 6114
6115,255,130,71,255, 6115
6116,221,160,221,255, 6116
6118,173,216,230,255, 6118
6119,255,48,48,255, 6119
6120,255,48,48,255, 6120
6127,255,48,48,255, 6127
6128,255,130,71,255, 6128
6129,255,48,48,255, 6129
6133,173,216,230,255, 6133
6135,255,130,71,255, 6135
6136,255,130,71,255, 6136
6137,127,255,0,255, 6137
6138,127,255,0,255, 6138
6139,127,255,0,255, 6139
6140,127,255,0,255, 6140
6141,255,130,71,255, 6141
6142,255,130,71,255, 6142
6143,255,130,71,255, 6143
6144,255,130,71,255, 6144
6145,221,160,221,255, 6145
6146,221,160,221,255, 6146
6147,255,130,71,255, 6147
6148,221,160,221,255, 6148
6149,255,130,71,255, 6149
6150,221,160,221,255, 6150
6151,255,130,71,255, 6151
6152,255,130,71,255, 6152
6153,255,130,71,255, 6153
6154,255,48,48,255, 6154
6155,255,48,48,255, 6155
6156,255,130,71,255, 6156
6157,255,48,48,255, 6157
6158,255,48,48,255, 6158
6159,255,130,71,255, 6159
6160,221,160,221,255, 6160
6161,255,48,48,255, 6161
6162,255,130,71,255, 6162
6163,127,255,0,255, 6163
6164,255,130,71,255, 6164
6165,255,130,71,255, 6165
6166,127,255,0,255, 6166
6167,255,130,71,255, 6167
6168,221,160,221,255, 6168
6169,255,48,48,255, 6169
6170,255,130,71,255, 6170
6171,255,130,71,255, 6171
6172,255,48,48,255, 6172
6173,221,160,221,255, 6173
6174,255,130,71,255, 6174
6175,255,130,71,255, 6175
6176,127,255,0,255, 6176
6177,255,48,48,255, 6177
6178,221,160,221,255, 6178
6179,255,130,71,255, 6179
6180,127,255,0,255, 6180
6181,255,130,71,255, 6181
6182,255,130,71,255, 6182
6183,255,130,71,255, 6183
6184,221,160,221,255, 6184
6185,255,48,48,255, 6185
6186,255,130,71,255, 6186
6187,221,160,221,255, 6187
6188,255,48,48,255, 6188
6189,255,130,71,255, 6189
6190,221,160,221,255, 6190
6191,255,48,48,255, 6191
6192,255,130,71,255, 6192
6193,255,130,71,255, 6193
6194,127,255,0,255, 6194
6195,127,255,0,255, 6195
6196,255,130,71,255, 6196
6197,255,130,71,255, 6197
6198,221,160,221,255, 6198
6199,127,255,0,255, 6199
6200,255,48,48,255, 6200
6201,255,130,71,255, 6201
6202,127,255,0,255, 6202
6203,255,130,71,255, 6203
6204,255,130,71,255, 6204
6205,255,130,71,255, 6205
6206,255,130,71,255, 6206
6207,255,165,79,255, 6207
6208,255,165,79,255, 6208
6209,221,160,221,255, 6209
6210,255,165,79,255, 6210
6211,221,160,221,255, 6211
6213,255,165,79,255, 6213
6215,255,48,48,255, 6215
6216,255,165,79,255, 6216
6217,173,216,230,255, 6217
6218,255,165,79,255, 6218
6219,255,165,79,255, 6219
6220,221,160,221,255, 6220
6221,255,165,79,255, 6221
6222,255,48,48,255, 6222
6223,255,165,79,255, 6223
6224,255,165,79,255, 6224
6225,255,48,48,255, 6225
6226,255,165,79,255, 6226
6227,221,160,221,255, 6227
6228,255,165,79,255, 6228
6230,255,165,79,255, 6230
6231,255,165,79,255, 6231
6232,221,160,221,255, 6232
6233,221,160,221,255, 6233
6234,255,48,48,255, 6234
6235,221,160,221,255, 6235
6236,255,165,79,255, 6236
6237,255,165,79,255, 6237
6238,255,48,48,255, 6238
6239,255,165,79,255, 6239
6240,255,48,48,255, 6240
6241,255,165,79,255, 6241
6242,127,255,0,255, 6242
6243,255,165,79,255, 6243
6244,255,165,79,255, 6244
6246,255,165,79,255, 6246
6247,255,48,48,255, 6247
6248,255,165,79,255, 6248
6249,127,255,0,255, 6249
6254,255,165,79,255, 6254
6259,127,255,0,255, 6259
6261,255,130,71,255, 6261
6262,84,255,159,255, 6262
6263,255,48,48,255, 6263
6264,255,48,48,255, 6264
6265,255,130,71,255, 6265
6266,255,48,48,255, 6266
6267,221,160,221,255, 6267
6268,84,255,159,255, 6268
6269,221,160,221,255, 6269
6270,255,130,71,255, 6270
6271,255,130,71,255, 6271
6272,221,160,221,255, 6272
6273,255,130,71,255, 6273
6274,84,255,159,255, 6274
6275,255,130,71,255, 6275
6276,255,48,48,255, 6276
6277,255,48,48,255, 6277
6278,221,160,221,255, 6278
6279,255,130,71,255, 6279
6280,127,255,0,255, 6280
6281,255,130,71,255, 6281
6282,221,160,221,255, 6282
6283,255,130,71,255, 6283
6284,255,130,71,255, 6284
6285,255,130,71,255, 6285
6286,255,130,71,255, 6286
6287,221,160,221,255, 6287
6288,84,255,159,255, 6288
6289,255,130,71,255, 6289
6290,84,255,159,255, 6290
6291,255,130,71,255, 6291
6293,255,130,71,255, 6293
6294,84,255,159,255, 6294
6295,255,130,71,255, 6295
6296,255,48,48,255, 6296
6297,221,160,221,255, 6297
6298,255,130,71,255, 6298
6299,255,130,71,255, 6299
6300,255,130,71,255, 6300
6301,84,255,159,255, 6301
6302,221,160,221,255, 6302
6303,84,255,159,255, 6303
6304,255,130,71,255, 6304
6305,255,130,71,255, 6305
6306,255,165,79,255, 6306
6307,255,130,71,255, 6307
6308,255,48,48,255, 6308
6309,127,255,0,255, 6309
6310,255,165,79,255, 6310
6311,255,130,71,255, 6311
6312,255,165,79,255, 6312
6313,255,165,79,255, 6313
6314,255,165,79,255, 6314
6316,255,130,71,255, 6316
6318,255,48,48,255, 6318
6319,255,48,48,255, 6319
6320,255,165,79,255, 6320
6321,173,216,230,255, 6321
6322,255,165,79,255, 6322
6324,255,165,79,255, 6324
6327,84,255,159,255, 6327
6328,84,255,159,255, 6328
6329,255,165,79,255, 6329
6330,255,48,48,255, 6330
6331,255,165,79,255, 6331
6332,255,130,71,255, 6332
6333,221,160,221,255, 6333
6334,255,130,71,255, 6334
6335,255,130,71,255, 6335
6336,221,160,221,255, 6336
6337,255,48,48,255, 6337
6338,221,160,221,255, 6338
6339,255,130,71,255, 6339
6340,255,165,79,255, 6340
6341,255,130,71,255, 6341
6342,255,130,71,255, 6342
6343,255,48,48,255, 6343
6344,255,130,71,255, 6344
6345,255,48,48,255, 6345
6346,221,160,221,255, 6346
6347,255,165,79,255, 6347
6348,255,48,48,255, 6348
6349,221,160,221,255, 6349
6350,221,160,221,255, 6350
6351,255,48,48,255, 6351
6352,255,165,79,255, 6352
6353,84,255,159,255, 6353
6354,255,48,48,255, 6354
6355,221,160,221,255, 6355
6356,255,130,71,255, 6356
6357,255,48,48,255, 6357
6358,221,160,221,255, 6358
6359,255,130,71,255, 6359
6360,255,130,71,255, 6360
6361,46,139,87,255, 6361
6363,46,139,87,255, 6363
6364,255,130,71,255, 6364
6365,46,139,87,255, 6365
6366,255,165,79,255, 6366
6368,255,48,48,255, 6368
6382,255,130,71,255, 6382
6387,221,160,221,255, 6387
6388,255,48,48,255, 6388
6389,46,139,87,255, 6389
6390,221,160,221,255, 6390
6391,221,160,221,255, 6391
6392,46,139,87,255, 6392
6393,255,130,71,255, 6393
6394,46,139,87,255, 6394
6395,255,130,71,255, 6395
6396,255,130,71,255, 6396
6398,46,139,87,255, 6398
6399,173,216,230,255, 6399
6401,255,130,71,255, 6401
6402,255,130,71,255, 6402
6403,255,130,71,255, 6403
6404,255,130,71,255, 6404
6405,255,48,48,255, 6405
6407,255,48,48,255, 6407
6408,255,130,71,255, 6408
6409,46,139,87,255, 6409
6410,255,130,71,255, 6410
6411,221,160,221,255, 6411
6413,255,48,48,255, 6413
6414,255,130,71,255, 6414
6415,255,130,71,255, 6415
6416,255,130,71,255, 6416
6419,173,216,230,255, 6419
6420,173,216,230,255, 6420
6421,255,165,79,255, 6421
6422,255,48,48,255, 6422
6423,255,165,79,255, 6423
6424,255,165,79,255, 6424
6425,255,165,79,255, 6425
6426,221,160,221,255, 6426
6427,127,255,0,255, 6427
6428,255,48,48,255, 6428
6429,127,255,0,255, 6429
6430,255,165,79,255, 6430
6431,255,165,79,255, 6431
7004,152,245,255,255, 7004
7005,152,245,255,255, 7005
7018,255,130,71,255, 7018
7025,255,130,71,255, 7025
7096,255,130,71,255, 7096
7097,127,255,0,255, 7097
7098,255,130,71,255, 7098
7101,127,255,0,255, 7101
7107,255,130,71,255, 7107
7109,255,130,71,255, 7109
7135,255,130,71,255, 7135
7159,255,130,71,255, 7159
7162,255,130,71,255, 7162
7163,127,255,0,255, 7163
7164,255,130,71,255, 7164
7165,255,130,71,255, 7165
7166,127,255,0,255, 7166
7167,255,130,71,255, 7167
7170,255,130,71,255, 7170
7171,255,130,71,255, 7171
7172,255,48,48,255, 7172
7173,221,160,221,255, 7173
7174,255,130,71,255, 7174
7175,255,130,71,255, 7175
7176,127,255,0,255, 7176
7178,221,160,221,255, 7178
7179,255,130,71,255, 7179
7180,127,255,0,255, 7180
7181,255,130,71,255, 7181
7182,255,130,71,255, 7182
7183,255,130,71,255, 7183
7184,221,160,221,255, 7184
7186,255,130,71,255, 7186
7194,127,255,0,255, 7194
7202,127,255,0,255, 7202
7203,255,130,71,255, 7203
7205,255,130,71,255, 7205
7206,255,130,71,255, 7206
7261,255,130,71,255, 7261
7262,84,255,159,255, 7262
7263,255,48,48,255, 7263
7264,255,48,48,255, 7264
7265,255,130,71,255, 7265
7266,255,48,48,255, 7266
7267,221,160,221,255, 7267
7268,84,255,159,255, 7268
7269,221,160,221,255, 7269
7270,255,130,71,255, 7270
7271,255,130,71,255, 7271
7272,221,160,221,255, 7272
7273,255,130,71,255, 7273
7274,84,255,159,255, 7274
7275,255,130,71,255, 7275
7276,255,48,48,255, 7276
7277,255,48,48,255, 7277
7278,221,160,221,255, 7278
7279,255,130,71,255, 7279
7281,255,130,71,255, 7281
7282,221,160,221,255, 7282
7283,255,130,71,255, 7283
7284,255,130,71,255, 7284
7285,255,130,71,255, 7285
7286,255,130,71,255, 7286
7287,221,160,221,255, 7287
7288,84,255,159,255, 7288
7289,255,130,71,255, 7289
7290,84,255,159,255, 7290
7291,255,130,71,255, 7291
7293,255,130,71,255, 7293
7295,255,130,71,255, 7295
7297,221,160,221,255, 7297
7298,255,130,71,255, 7298
7299,255,130,71,255, 7299
7300,255,130,71,255, 7300
7301,84,255,159,255, 7301
7302,221,160,221,255, 7302
7303,84,255,159,255, 7303
7304,255,130,71,255, 7304
7305,255,130,71,255, 7305
7307,255,130,71,255, 7307
7308,255,48,48,255, 7308
7311,255,130,71,255, 7311
7316,255,130,71,255, 7316
7332,255,130,71,255, 7332
7333,221,160,221,255, 7333
7338,221,160,221,255, 7338
7339,255,130,71,255, 7339
7341,255,130,71,255, 7341
7342,255,130,71,255, 7342
7343,255,48,48,255, 7343
7344,255,130,71,255, 7344
7345,255,48,48,255, 7345
7360,255,130,71,255, 7360
7387,221,160,221,255, 7387
7388,255,48,48,255, 7388
7389,46,139,87,255, 7389
7390,221,160,221,255, 7390
7391,221,160,221,255, 7391
7392,46,139,87,255, 7392
7393,255,130,71,255, 7393
7395,255,130,71,255, 7395
7398,46,139,87,255, 7398
7401,255,130,71,255, 7401
7402,255,130,71,255, 7402
7403,255,130,71,255, 7403
7405,255,48,48,255, 7405
7407,255,48,48,255, 7407
7408,255,130,71,255, 7408
7409,46,139,87,255, 7409
7411,221,160,221,255, 7411
7413,255,48,48,255, 7413
7414,255,130,71,255, 7414
7415,255,130,71,255, 7415
7416,255,130,71,255, 7416
8001,152,245,255,255, 8001
8002,173,216,230,255, 8002
8003,173,216,230,255, 8003
8004,152,245,255,255, 8004
8005,152,245,255,255, 8005
8006,173,216,230,255, 8006
8007,152,245,255,255, 8007
8008,173,216,230,255, 8008
8009,173,216,230,255, 8009
8010,152,245,255,255, 8010
8011,173,216,230,255, 8011
8012,152,245,255,255, 8012
8013,173,216,230,255, 8013
8014,152,245,255,255, 8014
8015,173,216,230,255, 8015
8016,152,245,255,255, 8016
8017,255,130,71,255, 8017
8018,255,130,71,255, 8018
8019,255,130,71,255, 8019
8020,255,130,71,255, 8020
8021,255,130,71,255, 8021
8022,255,130,71,255, 8022
8023,255,130,71,255, 8023
8024,255,130,71,255, 8024
8025,255,130,71,255, 8025
8026,255,130,71,255, 8026
8027,127,255,0,255, 8027
8028,127,255,0,255, 8028
8029,127,255,0,255, 8029
8030,127,255,0,255, 8030
8031,255,130,71,255, 8031
8032,255,130,71,255, 8032
8033,255,48,48,255, 8033
8034,255,130,71,255, 8034
8035,255,130,71,255, 8035
8036,127,255,0,255, 8036
8037,221,160,221,255, 8037
8038,255,130,71,255, 8038
8039,221,160,221,255, 8039
8040,221,160,221,255, 8040
8041,255,130,71,255, 8041
8042,221,160,221,255, 8042
8043,127,255,0,255, 8043
8044,127,255,0,255, 8044
8045,152,245,255,255, 8045
8046,255,130,71,255, 8046
8047,152,245,255,255, 8047
8048,255,130,71,255, 8048
8049,255,130,71,255, 8049
8050,127,255,0,255, 8050
8051,152,245,255,255, 8051
8052,255,130,71,255, 8052
8053,127,255,0,255, 8053
8054,255,130,71,255, 8054
8055,127,255,0,255, 8055
8056,255,130,71,255, 8056
8057,152,245,255,255, 8057
8058,255,130,71,255, 8058
8059,255,130,71,255, 8059
8060,221,160,221,255, 8060
8061,221,160,221,255, 8061
8062,221,160,221,255, 8062
8063,127,255,0,255, 8063
8064,255,48,48,255, 8064
8065,127,255,0,255, 8065
8066,152,245,255,255, 8066
8067,221,160,221,255, 8067
8068,127,255,0,255, 8068
8069,255,130,71,255, 8069
8070,152,245,255,255, 8070
8071,255,130,71,255, 8071
8072,127,255,0,255, 8072
8073,221,160,221,255, 8073
8074,255,130,71,255, 8074
8075,255,130,71,255, 8075
8076,221,160,221,255, 8076
8077,221,160,221,255, 8077
8078,152,245,255,255, 8078
8079,221,160,221,255, 8079
8080,221,160,221,255, 8080
8081,255,130,71,255, 8081
8082,127,255,0,255, 8082
8083,255,130,71,255, 8083
8084,255,48,48,255, 8084
8085,221,160,221,255, 8085
8086,255,48,48,255, 8086
8087,255,48,48,255, 8087
8088,152,245,255,255, 8088
8089,255,130,71,255, 8089
8090,127,255,0,255, 8090
8091,221,160,221,255, 8091
8092,255,130,71,255, 8092
8093,221,160,221,255, 8093
8094,255,48,48,255, 8094
8095,255,48,48,255, 8095
8096,255,130,71,255, 8096
8097,127,255,0,255, 8097
8098,255,130,71,255, 8098
8099,255,130,71,255, 8099
8100,0,245,255,255, 8100
8101,127,255,0,255, 8101
8102,221,160,221,255, 8102
8103,221,160,221,255, 8103
8104,255,130,71,255, 8104
8105,127,255,0,255, 8105
8106,255,130,71,255, 8106
8107,255,130,71,255, 8107
8108,255,48,48,255, 8108
8109,255,130,71,255, 8109
8110,221,160,221,255, 8110
8111,127,255,0,255, 8111
8112,255,130,71,255, 8112
8113,255,48,48,255, 8113
8114,255,130,71,255, 8114
8115,0,245,255,255, 8115
8116,221,160,221,255, 8116
8117,255,48,48,255, 8117
8118,173,216,230,255, 8118
8119,255,48,48,255, 8119
8120,255,48,48,255, 8120
8121,255,48,48,255, 8121
8122,255,48,48,255, 8122
8123,255,48,48,255, 8123
8124,173,216,230,255, 8124
8125,173,216,230,255, 8125
8127,255,48,48,255, 8127
8128,255,130,71,255, 8128
8129,255,48,48,255, 8129
8130,173,216,230,255, 8130
8135,255,130,71,255, 8135
8136,255,130,71,255, 8136
8137,127,255,0,255, 8137
8138,127,255,0,255, 8138
8139,127,255,0,255, 8139
8140,127,255,0,255, 8140
8141,255,130,71,255, 8141
8142,255,130,71,255, 8142
8143,255,130,71,255, 8143
8144,255,130,71,255, 8144
8145,221,160,221,255, 8145
8146,221,160,221,255, 8146
8147,255,130,71,255, 8147
8148,221,160,221,255, 8148
8149,255,130,71,255, 8149
8150,221,160,221,255, 8150
8151,255,130,71,255, 8151
8152,255,130,71,255, 8152
8153,255,130,71,255, 8153
8154,255,48,48,255, 8154
8155,255,48,48,255, 8155
8156,255,130,71,255, 8156
8157,255,48,48,255, 8157
8158,255,48,48,255, 8158
8159,255,130,71,255, 8159
8160,221,160,221,255, 8160
8161,255,48,48,255, 8161
8162,255,130,71,255, 8162
8163,127,255,0,255, 8163
8164,255,130,71,255, 8164
8165,255,130,71,255, 8165
8166,127,255,0,255, 8166
8167,0,245,255,255, 8167
8168,221,160,221,255, 8168
8169,255,48,48,255, 8169
8170,255,130,71,255, 8170
8171,255,130,71,255, 8171
8172,255,48,48,255, 8172
8173,221,160,221,255, 8173
8174,255,130,71,255, 8174
8175,255,130,71,255, 8175
8176,127,255,0,255, 8176
8177,255,48,48,255, 8177
8178,221,160,221,255, 8178
8179,255,130,71,255, 8179
8180,127,255,0,255, 8180
8181,0,245,255,255, 8181
8182,255,130,71,255, 8182
8183,255,130,71,255, 8183
8184,221,160,221,255, 8184
8185,255,48,48,255, 8185
8186,255,130,71,255, 8186
8187,221,160,221,255, 8187
8188,255,48,48,255, 8188
8189,255,130,71,255, 8189
8190,221,160,221,255, 8190
8191,255,48,48,255, 8191
8192,255,130,71,255, 8192
8193,255,130,71,255, 8193
8194,127,255,0,255, 8194
8195,127,255,0,255, 8195
8196,255,130,71,255, 8196
8197,255,130,71,255, 8197
8198,221,160,221,255, 8198
8199,127,255,0,255, 8199
8200,255,48,48,255, 8200
8201,255,130,71,255, 8201
8202,127,255,0,255, 8202
8203,255,130,71,255, 8203
8204,255,130,71,255, 8204
8205,255,130,71,255, 8205
8206,255,130,71,255, 8206
8207,255,165,79,255, 8207
8208,255,165,79,255, 8208
8209,221,160,221,255, 8209
8210,255,165,79,255, 8210
8211,221,160,221,255, 8211
8212,255,48,48,255, 8212
8213,255,165,79,255, 8213
8214,255,165,79,255, 8214
8215,255,48,48,255, 8215
8216,255,165,79,255, 8216
8217,173,216,230,255, 8217
8218,255,165,79,255, 8218
8219,255,165,79,255, 8219
8220,221,160,221,255, 8220
8221,255,165,79,255, 8221
8222,255,48,48,255, 8222
8223,255,165,79,255, 8223
8224,255,165,79,255, 8224
8225,255,48,48,255, 8225
8226,255,165,79,255, 8226
8227,221,160,221,255, 8227
8228,255,165,79,255, 8228
8229,221,160,221,255, 8229
8230,255,165,79,255, 8230
8231,255,165,79,255, 8231
8232,221,160,221,255, 8232
8233,221,160,221,255, 8233
8234,255,48,48,255, 8234
8235,221,160,221,255, 8235
8236,255,165,79,255, 8236
8237,255,165,79,255, 8237
8238,255,48,48,255, 8238
8239,255,165,79,255, 8239
8240,255,48,48,255, 8240
8241,255,165,79,255, 8241
8242,127,255,0,255, 8242
8243,255,165,79,255, 8243
8244,255,165,79,255, 8244
8245,255,165,79,255, 8245
8246,255,165,79,255, 8246
8247,255,48,48,255, 8247
8248,255,165,79,255, 8248
8249,127,255,0,255, 8249
8250,127,255,0,255, 8250
8251,255,165,79,255, 8251
8252,255,165,79,255, 8252
8253,221,160,221,255, 8253
8254,255,165,79,255, 8254
8255,255,165,79,255, 8255
8256,221,160,221,255, 8256
8257,255,165,79,255, 8257
8258,255,165,79,255, 8258
8259,127,255,0,255, 8259
8260,127,255,0,255, 8260
8261,255,130,71,255, 8261
8262,84,255,159,255, 8262
8263,255,48,48,255, 8263
8264,255,48,48,255, 8264
8265,255,130,71,255, 8265
8266,255,48,48,255, 8266
8267,221,160,221,255, 8267
8268,84,255,159,255, 8268
8269,221,160,221,255, 8269
8270,255,130,71,255, 8270
8271,255,130,71,255, 8271
8272,221,160,221,255, 8272
8273,255,130,71,255, 8273
8274,84,255,159,255, 8274
8275,255,130,71,255, 8275
8276,255,48,48,255, 8276
8277,255,48,48,255, 8277
8278,221,160,221,255, 8278
8279,255,130,71,255, 8279
8280,127,255,0,255, 8280
8281,255,130,71,255, 8281
8282,221,160,221,255, 8282
8283,255,130,71,255, 8283
8284,255,130,71,255, 8284
8285,255,130,71,255, 8285
8286,255,130,71,255, 8286
8287,221,160,221,255, 8287
8288,84,255,159,255, 8288
8289,255,130,71,255, 8289
8290,84,255,159,255, 8290
8291,255,130,71,255, 8291
8292,221,160,221,255, 8292
8293,255,130,71,255, 8293
8294,84,255,159,255, 8294
8295,255,130,71,255, 8295
8296,255,48,48,255, 8296
8297,221,160,221,255, 8297
8298,255,130,71,255, 8298
8299,255,130,71,255, 8299
8300,255,130,71,255, 8300
8301,84,255,159,255, 8301
8302,221,160,221,255, 8302
8303,84,255,159,255, 8303
8304,255,130,71,255, 8304
8305,255,130,71,255, 8305
8306,255,165,79,255, 8306
8307,255,130,71,255, 8307
8308,255,48,48,255, 8308
8309,127,255,0,255, 8309
8310,255,165,79,255, 8310
8311,255,130,71,255, 8311
8312,255,165,79,255, 8312
8313,255,165,79,255, 8313
8314,255,165,79,255, 8314
8315,173,216,230,255, 8315
8316,255,130,71,255, 8316
8317,127,255,0,255, 8317
8318,255,48,48,255, 8318
8319,255,48,48,255, 8319
8320,255,165,79,255, 8320
8321,173,216,230,255, 8321
8322,255,165,79,255, 8322
8323,255,165,79,255, 8323
8324,255,165,79,255, 8324
8325,255,48,48,255, 8325
8326,255,165,79,255, 8326
8327,84,255,159,255, 8327
8328,84,255,159,255, 8328
8329,255,165,79,255, 8329
8330,255,48,48,255, 8330
8331,255,165,79,255, 8331
8332,255,130,71,255, 8332
8333,221,160,221,255, 8333
8334,255,130,71,255, 8334
8335,255,130,71,255, 8335
8336,221,160,221,255, 8336
8337,255,48,48,255, 8337
8338,221,160,221,255, 8338
8339,255,130,71,255, 8339
8340,255,165,79,255, 8340
8341,255,130,71,255, 8341
8342,255,130,71,255, 8342
8343,255,48,48,255, 8343
8344,255,130,71,255, 8344
8345,255,48,48,255, 8345
8346,221,160,221,255, 8346
8347,255,165,79,255, 8347
8348,255,48,48,255, 8348
8349,221,160,221,255, 8349
8350,221,160,221,255, 8350
8351,255,48,48,255, 8351
8352,255,165,79,255, 8352
8353,84,255,159,255, 8353
8354,255,48,48,255, 8354
8355,221,160,221,255, 8355
8356,255,130,71,255, 8356
8357,255,48,48,255, 8357
8358,221,160,221,255, 8358
8359,255,130,71,255, 8359
8360,255,130,71,255, 8360
8361,46,139,87,255, 8361
8362,255,165,79,255, 8362
8363,46,139,87,255, 8363
8364,255,130,71,255, 8364
8365,46,139,87,255, 8365
8366,255,165,79,255, 8366
8367,221,160,221,255, 8367
8368,255,48,48,255, 8368
8369,255,165,79,255, 8369
8370,255,165,79,255, 8370
8371,255,165,79,255, 8371
8372,221,160,221,255, 8372
8373,255,165,79,255, 8373
8374,255,165,79,255, 8374
8375,255,165,79,255, 8375
8376,255,165,79,255, 8376
8377,255,48,48,255, 8377
8378,255,48,48,255, 8378
8379,46,139,87,255, 8379
8380,221,160,221,255, 8380
8381,255,48,48,255, 8381
8382,255,130,71,255, 8382
8383,255,165,79,255, 8383
8384,255,48,48,255, 8384
8385,221,160,221,255, 8385
8386,255,165,79,255, 8386
8394,46,139,87,255, 8394
8397,255,165,79,255, 8397
8399,173,216,230,255, 8399
8400,84,255,159,255, 8400
8406,46,139,87,255, 8406
8412,255,165,79,255, 8412
8417,46,139,87,255, 8417
